3,2
3,1
3,3
10,89
10,131
10,253
10,75
10,219
10,209
10,113
10,2
9,5
9,7
153,4
153,3
8,11
8,5
8,16
8,15
8,13
153,2
153,1
153,0
151,5
151,4
151,3
8,6
8,2
8,3
151,2
151,1
151,0
148,3
148,2
148,1
148,0
147,4
147,3
147,2
147,1
147,0
139,3
139,2
139,1
139,0
12,3
12,2
12,1
11,30
11,29
11,28
11,27
11,25
11,24
11,23
11,22
11,21
11,20
11,19
11,18
11,17
11,16
11,15
11,13
11,12
11,10
11,9
11,8
11,7
11,6
11,5
11,4
11,3
11,2
11,1
10,317
20,2
20,1
10,313
10,307
20,3
10,305
10,292
10,290
10,288
19,2
19,1
10,285
19,3
10,284
10,281
10,278
10,276
10,273
10,272
10,270
10,268
10,265
10,264
10,261
10,255
10,247
10,244
10,242
10,235
10,233
10,231
10,230
10,227
10,217
10,212
10,211
10,203
10,200
10,195
